Task,Owner,W1,W2,W3,W4,W5,W6
Requirements,Asha,x,x,,,,
Design,Lin,,x,x,x,,
Build,Ravi,,,x,x,x,
Test,Omar,,,,,x,x
